303363
129128
307762
270668
335437
148538
83912
251525
115128
368725
108568
161768
322073
109397
277038
31696
165258
303135
106133
262736
273015
99140
191927
148348
275045
45063
157004
189791
198326
107065
23329
375055
74644
233849
171495
243541
125277
44025
303020
204268
294073
303422
180663
102947
365799
127739
277257
262894
43721
256579
225339
268722
350769
375577
29474
120085
29426
287302
283090
39507
334529
111062
111495
270064
376003
23399
81971
115879
293754
98631
352805
157998
246152
106414
322214
219470
32097
40734
285420
109122
206727
23228
247724
257816
220273
23358
364179
178274
134622
141407
29516
119202
342437
225409
173269
212083
163277
313318
161081
200451
366238
357756
307923
288791
48000
50399
90003
99511
187005
268801
229003
289627
236306
333863
201950
261013
179436
334782
1442
239013
256273
209327
152510
365760
127185
164550
355653
248559
23378
182247
193380
80964
219078
23303
245523
357766
115327
269977
114493
374216
336640
108912
161718
32759
269793
222613
231904
141634
161202
341932
305604
308502
247799
103315
343167
226357
59142
151211
189357
78410
229160
167389
262885
141435
29501
77144
342148
279237
67562
68782
353245
184968
239997
80882
277147
274804
84431
149825
23129
67884
100898
321144
364912
31496
74612
232131
253063
261293
53774
256972
137303
229033
144632
289523
353136
284809
29178
366805
364020
339950
340094
55460
74377
271421
256954
123053
151650
253085
38223
182280
190074
343201
187098
129701
293993
179909
110804
248932
182129
168375
139235
135649
71169
302720
56007
47338
117048
166402
72636
138004
347806
107722
107349
217117
136822
373522
269544
105883
203550
374950
299396
321077
218900
39944
99611
78559
85122
89165
48069
116597
89207
236475
208896
32733
293098
113712
196962
163181
48700
285346
194391
41275
256940
136138
302590
115717
274572
81019
28697
272200
254217
182496
334974
157341
351956
106499
175997
366703
201711
86755
354744
231630
355917
271921
176960
374095
28964
243844
354774
26895
342259
48651
226713
167696
186451
278891
289224
338230
334862
101117
214331
57141
183336
133070
90520
141444
29589
374501
203331
178073
87821
150552
129924
307202
152546
268814
127637
153222
346939
134280
215341
200336
129258
119190
60835
262797
263699
338810
292314
174696
63642
325249
312981
363583
372397
276619
351854
221077
344437
147014
134800
62276
206247
352071
152630
61812
148947
207004
89924
228080
286467
338623
349740
182326
12830
18429
19103
308095
282229
374923
157177
145647
71756
283488
171607
318746
309892
304437
145794
76952
217943
98870
374884
164429
221264
283678
312720
90493
260905
355765
29319
66246
254175
138846
155580
50410
65479
349769
72197
256543
264058
245927
293885
319854
310949
296291
84735
225571
320541
120036
316191
311266
299331
202040
338158
329860
90658
109667
268378
138399
188062
231863
137886
145689
223628
79872
367257
170771
80836
207964
252285
258104
103131
29335
126488
251802
108651
366747
100327
352123
99808
253204
361977
129434
317118
308338
76000
148957
135611
75922
40817
136895
288809
123990
260317
373325
64786
70677
315795
127845
339874
136555
119316
372301
347134
334196
109619
121622
227525
115372
164506
293308
312254
115971
308176
142101
351716
47117
39826
61366
271702
302155
80811
182371
298100
201125
140377
303500
107770
107397
246753
229024
252017
321533
231752
50468
115509
76551
175225
228256
211294
246999
31990
114457
75951
284647
228269
106004
72685
43509
21955
17483
22164
16395
220864
101833
190305
359467
135965
321475
341087
88739
201282
338785
143469
306541
197565
21725
350914
366078
139835
99168
171298
39648
356313
205622
201261
89677
74705
341701
186022
118305
112154
223847
274542
66577
348532
317395
42987
203363
227143
45028
59999
43923
353372
259765
50066
164242
76165
146586
187030
210293
341857
202302
149949
291938
370440
274627
55591
271819
242436
167704
359208
63249
323320
202358
340118
270233
310646
319557
40087
210635
376469
242500
279304
203570
336148
187831
191732
119143
163438
273372